{"cells":[{"cell_type":"markdown","id":"08f726d4","metadata":{"id":"08f726d4"},"source":["**© 2024 Scott A. Bruce. Do not distribute.**\n","\n","# Data analytics with pandas and NumPy\n","\n","This notebook follows Chapter 10 in the [Python Workshop textbook](https://search.ebscohost.com/login.aspx?direct=true&db=edsool&AN=edsool.9781804610619&site=eds-live&scope=site&authtype=shib&custid=s8516548).  Herein, we will use the `NumPy` and `pandas` packages for data analysis in Python.  Taken together, `pandas` and `NumPy` are masterful at handling big data. They are built for speed, efficiency, readability, and ease of use.\n","\n","**`pandas`** provide you with a unique framework to view and modify data. Pandas handles all data-related tasks such as creating DataFrames, importing data, scraping data from the web, merging data, pivoting, concatenating, and more.\n","\n","**`NumPy`**, short for Numerical Python, is more focused on computation. NumPy interprets the rows and columns of pandas DataFrames as matrices in the form of NumPy arrays. When computing descriptive statistics such as the mean, median, mode, and quartiles, NumPy is blazingly fast.\n","\n","Another key player in data analysis is **`Matplotlib`**, a graphing library that handles scatter plots, histograms, regression lines, and more. The importance of data graphs cannot be overstated since most non-technical professionals use them to interpret results."]},{"cell_type":"markdown","id":"lOwYIGtaiGy2","metadata":{"id":"lOwYIGtaiGy2"},"source":["## 0. Working on Colab\n","\n","You have (at least) two options for working with Jupyter notebooks provided throughout this course.  I would suggest the first option unless you feel strongly against it.\n","\n","1. In the cloud on Google Colab (preferred).\n","\n","  This ensures we all have the same computing environment and aren't wasting personal compute resources. To get notebooks (.ipynb files) working on Colab, follow these steps.\n","\n","  1. Download the file from Canvas and upload it to Google drive https://drive.google.com.\n","\n","  2. Right click the .ipynb file and click \"+ connect more apps\".\n","\n","  3. Scroll down and click Google \"Colaboratory\" and select install (this doesn't install anything to your computer).\n","\n","  4. You will now be able to open any .ipynb files in your Google drive in Colab and immediately begin running Python code.\n","\n","  5. If this doesn't work please ask me after class and we'll get it working.  \n","\n","2. Locally on your own Python installation.\n","\n","There are a lot of ways to do this, but the simplest is to install anaconda https://www.anaconda.com"]},{"cell_type":"markdown","id":"0600fa2a","metadata":{"id":"0600fa2a"},"source":["## 1. NumPy and basic stats\n","\n","NumPy is designed to handle big data swiftly. It includes the following essential components according to the NumPy documentation:\n","\n","- A powerful n-dimensional array object\n","- Sophisticated (**broadcasting**) functions\n","- Tools for integrating C/C++ and Fortran code\n","- Useful linear algebra, Fourier transform, and random number capabilities\n","\n","From NumPy documentation: \"The term **broadcasting** describes how NumPy treats arrays with different shapes during arithmetic operations. Subject to certain constraints, the *smaller* array is “broadcast” across the *larger* array so that they have compatible shapes. Broadcasting provides a means of vectorizing array operations so that looping occurs in C instead of Python. It does this without making needless copies of data and usually leads to efficient algorithm implementations. There are, however, cases where broadcasting is a bad idea because it leads to inefficient use of memory that slows computation.\"\n","\n","NumPy arrays are the basic elements of the NumPy package. NumPy arrays are designed to handle arrays of any dimension.\n","\n","NumPy arrays can be indexed easily and can have many types of data, such as `float`, `int`, `string`, and `object`, but the **types must be consistent** to improve speed.\n"]},{"cell_type":"code","execution_count":6,"id":"6beac71d","metadata":{"executionInfo":{"elapsed":3400,"status":"ok","timestamp":1724266617329,"user":{"displayName":"Scott Bruce","userId":"12687994165436531917"},"user_tz":300},"id":"6beac71d"},"outputs":[],"source":["%matplotlib inline\n","import matplotlib.pyplot as plt\n","import seaborn as sns\n","import numpy as np\n","import pandas as pd\n","import statsmodels.api as sm\n","from IPython.core.interactiveshell import InteractiveShell\n","InteractiveShell.ast_node_interactivity = \"all\""]},{"cell_type":"markdown","id":"14901f45","metadata":{"id":"14901f45"},"source":["# Quick Example: Broadcasting is usually, but not always faster"]},{"cell_type":"markdown","id":"1c27595b","metadata":{"id":"1c27595b"},"source":["From https://numpy.org/doc/stable/user/basics.broadcasting.html\n","\n","\"Broadcasting is a powerful tool for writing short and usually intuitive code that does its computations very efficiently in C. However, there are cases when broadcasting uses unnecessarily large amounts of memory for a particular algorithm. In these cases, it is better to write the algorithm’s outer loop in Python. This may also produce more readable code, as algorithms that use broadcasting tend to become more difficult to interpret as the number of dimensions in the broadcast increases.\"\n","\n","See the following example and explanation from https://stackoverflow.com/questions/49632993/why-python-broadcasting-in-the-example-below-is-slower-than-a-simple-loop.\n"]},{"cell_type":"code","execution_count":7,"id":"38f808d8","metadata":{"colab":{"base_uri":"https://localhost:8080/"},"executionInfo":{"elapsed":32268,"status":"ok","timestamp":1724266649594,"user":{"displayName":"Scott Bruce","userId":"12687994165436531917"},"user_tz":300},"id":"38f808d8","outputId":"d8c6a6cd-9f2d-4983-b5bd-2dfd7833ea64"},"outputs":[{"name":"stdout","output_type":"stream","text":["95.7 μs ± 15.8 μs per loop (mean ± std. dev. of 7 runs, 10,000 loops each)\n","14.5 μs ± 1.45 μs per loop (mean ± std. dev. of 7 runs, 100,000 loops each)\n","289 ms ± 21 ms per loop (mean ± std. dev. of 7 runs, 1 loop each)\n","1.27 s ± 321 ms per loop (mean ± std. dev. of 7 runs, 1 loop each)\n"]}],"source":["#function to take squared some of rows after row-wise subtraction\n","\n","def norm_loop(M, v):\n","  n = M.shape[0]\n","  d = np.zeros(n)\n","  for i in range(n):\n","    d[i] = np.sum((M[i] - v)**2)\n","  return d\n","\n","def norm_bcast(M, v):\n","     return np.sum((M - v)**2, axis=1)\n","\n","#broadcasting is better in this instance for smaller datasets\n","M = np.random.random_sample((10, 100))\n","v = M[0]\n","%timeit norm_loop(M, v)\n","%timeit norm_bcast(M, v)\n","\n","#bigger datasets tell a different story\n","M = np.random.random_sample((1000, 100000))\n","v = M[0]\n","%timeit norm_loop(M, v)\n","%timeit norm_bcast(M, v)"]},{"cell_type":"markdown","id":"3c1b0d19","metadata":{"id":"3c1b0d19"},"source":["What gives? It comes down to **memory access**.\n","\n","In the broadcast version, every element of `M` is subtracted from `v`. By the time the last row of `M` is processed, the results of processing the first row have been evicted from cache, so for the second step, these differences are again loaded into cache memory and squared. Finally, they are loaded and processed a third time for the summation. Since `M` is quite large, parts of the cache are cleared on each step to accommodate all of the data.\n","\n","In the looped version, each row is processed completely in one smaller step, leading to fewer cache misses (i.e. inability to retreive needed data from cache because it has been cleared and needs to be reloaded) and overall faster code."]},{"cell_type":"markdown","id":"f9f74ded","metadata":{"id":"f9f74ded"},"source":["### 1.1 Exercise 129: Converting Lists to NumPy Arrays"]},{"cell_type":"code","execution_count":10,"id":"EMFn7ZiPmNdy","metadata":{"colab":{"base_uri":"https://localhost:8080/"},"executionInfo":{"elapsed":769,"status":"ok","timestamp":1724266650347,"user":{"displayName":"Scott Bruce","userId":"12687994165436531917"},"user_tz":300},"id":"EMFn7ZiPmNdy","outputId":"502767b3-9b4f-4f0b-8deb-e69137639290"},"outputs":[{"ename":"ModuleNotFoundError","evalue":"No module named 'google'","output_type":"error","traceback":["\u001b[1;31m---------------------------------------------------------------------------\u001b[0m","\u001b[1;31mModuleNotFoundError\u001b[0m                       Traceback (most recent call last)","Cell \u001b[1;32mIn[10], line 2\u001b[0m\n\u001b[0;32m      1\u001b[0m \u001b[38;5;66;03m# dont run this without changing the directory\u001b[39;00m\n\u001b[1;32m----> 2\u001b[0m \u001b[38;5;28;01mfrom\u001b[39;00m \u001b[38;5;21;01mgoogle\u001b[39;00m\u001b[38;5;21;01m.\u001b[39;00m\u001b[38;5;21;01mcolab\u001b[39;00m \u001b[38;5;28;01mimport\u001b[39;00m drive\n\u001b[0;32m      3\u001b[0m drive\u001b[38;5;241m.\u001b[39mmount(\u001b[38;5;124m'\u001b[39m\u001b[38;5;124m/content/drive\u001b[39m\u001b[38;5;124m'\u001b[39m)\n\u001b[0;32m      5\u001b[0m get_ipython()\u001b[38;5;241m.\u001b[39mrun_line_magic(\u001b[38;5;124m'\u001b[39m\u001b[38;5;124mcd\u001b[39m\u001b[38;5;124m'\u001b[39m, \u001b[38;5;124m\"\u001b[39m\u001b[38;5;124m'\u001b[39m\u001b[38;5;124m/content/drive/MyDrive/STAT335_Fall2024/NumPypandas/\u001b[39m\u001b[38;5;124m'\u001b[39m\u001b[38;5;124m\"\u001b[39m)\n","\u001b[1;31mModuleNotFoundError\u001b[0m: No module named 'google'"]}],"source":["# dont run this without changing the directory\n","#from google.colab import drive\n","#drive.mount('/content/drive')\n","\n","#%cd '/content/drive/MyDrive/STAT335_Fall2024/NumPypandas/'"]},{"cell_type":"code","execution_count":11,"id":"514e72a9","metadata":{"colab":{"base_uri":"https://localhost:8080/"},"executionInfo":{"elapsed":10,"status":"ok","timestamp":1724266650347,"user":{"displayName":"Scott Bruce","userId":"12687994165436531917"},"user_tz":300},"id":"514e72a9","outputId":"21b67d06-e695-427c-bb13-18ff936aa0f7"},"outputs":[{"data":{"text/plain":["list"]},"execution_count":11,"metadata":{},"output_type":"execute_result"}],"source":["test_scores = [70,65,95,88]\n","type(test_scores)"]},{"cell_type":"markdown","id":"3be5c588","metadata":{"id":"3be5c588"},"source":["**Note**: Now that `numpy` has been imported, you can access all `numpy` methods, such as numpy arrays. Type `np.` to see the breadth of options. You are looking for an array. If you are using Jupyter instead of Colab, Type `np.` + Tab on your keyboard to see the breadth of options."]},{"cell_type":"code","execution_count":12,"id":"32f34192","metadata":{"colab":{"base_uri":"https://localhost:8080/"},"executionInfo":{"elapsed":9,"status":"ok","timestamp":1724266650347,"user":{"displayName":"Scott Bruce","userId":"12687994165436531917"},"user_tz":300},"id":"32f34192","outputId":"5563849f-8295-4909-95b1-9602778fddb8"},"outputs":[{"data":{"text/plain":["numpy.ndarray"]},"execution_count":12,"metadata":{},"output_type":"execute_result"}],"source":["scores = np.array(test_scores)\n","type(scores)"]},{"cell_type":"markdown","id":"32dc688f","metadata":{"id":"32dc688f"},"source":["### 1.2 Exercises 130-132: Summary statistics"]},{"cell_type":"code","execution_count":13,"id":"b7407199","metadata":{"colab":{"base_uri":"https://localhost:8080/"},"executionInfo":{"elapsed":9,"status":"ok","timestamp":1724266650348,"user":{"displayName":"Scott Bruce","userId":"12687994165436531917"},"user_tz":300},"id":"b7407199","outputId":"dffc5dd9-ae12-48bc-f0c6-72e6acf60d9d"},"outputs":[{"data":{"text/plain":["np.float64(79.5)"]},"execution_count":13,"metadata":{},"output_type":"execute_result"}],"source":["scores.mean()"]},{"cell_type":"code","execution_count":14,"id":"9097835d","metadata":{"colab":{"base_uri":"https://localhost:8080/"},"executionInfo":{"elapsed":7,"status":"ok","timestamp":1724266650348,"user":{"displayName":"Scott Bruce","userId":"12687994165436531917"},"user_tz":300},"id":"9097835d","outputId":"458b7cd3-78e8-4af5-811a-c0c00d7fb3e6"},"outputs":[{"data":{"text/plain":["np.float64(84000.0)"]},"execution_count":14,"metadata":{},"output_type":"execute_result"}],"source":["income = np.array([75000, 55000, 88000, 125000, 64000, 97000])\n","income.mean()"]},{"cell_type":"code","execution_count":15,"id":"236951ed","metadata":{"colab":{"base_uri":"https://localhost:8080/"},"executionInfo":{"elapsed":6,"status":"ok","timestamp":1724266650348,"user":{"displayName":"Scott Bruce","userId":"12687994165436531917"},"user_tz":300},"id":"236951ed","outputId":"40bc628f-a98e-4a1e-a774-04069923f84c"},"outputs":[{"data":{"text/plain":["np.float64(1786285.7142857143)"]},"execution_count":15,"metadata":{},"output_type":"execute_result"}],"source":["income = np.append(income, 12000000)\n","income.mean()"]},{"cell_type":"code","execution_count":16,"id":"1efea010","metadata":{"colab":{"base_uri":"https://localhost:8080/"},"executionInfo":{"elapsed":6,"status":"ok","timestamp":1724266650349,"user":{"displayName":"Scott Bruce","userId":"12687994165436531917"},"user_tz":300},"id":"1efea010","outputId":"ab817bf9-4583-4f74-d4cd-17cb36b7652b"},"outputs":[{"data":{"text/plain":["np.float64(88000.0)"]},"execution_count":16,"metadata":{},"output_type":"execute_result"}],"source":["np.median(income)"]},{"cell_type":"markdown","id":"6ce697af","metadata":{"id":"6ce697af"},"source":["**Note** Median here is not a method of `np.array`, but it is a method of `numpy`. (The mean may be computed in the same way, as a method of numpy.)\n"]},{"cell_type":"code","execution_count":17,"id":"86558dc8","metadata":{"colab":{"base_uri":"https://localhost:8080/"},"executionInfo":{"elapsed":399,"status":"ok","timestamp":1724266650743,"user":{"displayName":"Scott Bruce","userId":"12687994165436531917"},"user_tz":300},"id":"86558dc8","outputId":"286eeea2-43c4-40b3-dfd0-48233fd65097"},"outputs":[{"data":{"text/plain":["np.float64(1786285.7142857143)"]},"execution_count":17,"metadata":{},"output_type":"execute_result"}],"source":["np.mean(income)"]},{"cell_type":"code","execution_count":18,"id":"e8dd40f8","metadata":{"colab":{"base_uri":"https://localhost:8080/"},"executionInfo":{"elapsed":13,"status":"ok","timestamp":1724266650743,"user":{"displayName":"Scott Bruce","userId":"12687994165436531917"},"user_tz":300},"id":"e8dd40f8","outputId":"9feb6eb5-f4e9-4581-bbf9-ca9eb667a295"},"outputs":[{"data":{"text/plain":["np.float64(4169786.007331644)"]},"execution_count":18,"metadata":{},"output_type":"execute_result"},{"data":{"text/plain":["np.float64(12.379418403139947)"]},"execution_count":18,"metadata":{},"output_type":"execute_result"}],"source":["income.std()\n","scores.std()"]},{"cell_type":"code","execution_count":19,"id":"762c2a61","metadata":{"colab":{"base_uri":"https://localhost:8080/"},"executionInfo":{"elapsed":11,"status":"ok","timestamp":1724266650743,"user":{"displayName":"Scott Bruce","userId":"12687994165436531917"},"user_tz":300},"id":"762c2a61","outputId":"6a3a40f4-089f-4836-9882-4669f2e43936"},"outputs":[{"data":{"text/plain":["np.int64(95)"]},"execution_count":19,"metadata":{},"output_type":"execute_result"},{"data":{"text/plain":["np.int64(65)"]},"execution_count":19,"metadata":{},"output_type":"execute_result"},{"data":{"text/plain":["np.int64(318)"]},"execution_count":19,"metadata":{},"output_type":"execute_result"}],"source":["scores.max()\n","scores.min()\n","scores.sum()"]},{"cell_type":"markdown","id":"d9991d02","metadata":{"id":"d9991d02"},"source":["## 2. Matrices"]},{"cell_type":"markdown","id":"8451d96f","metadata":{"id":"8451d96f"},"source":["Data are typically composed of rows, each row having the same number of columns. From one point of view, it's a two-dimensional grid containing lots of numbers. It can also be interpreted as a list of lists, or a `numpy` array of `numpy` arrays.\n","\n","NumPy has methods for creating matrices or n-dimensional arrays. One option is to place random numbers between 0 and 1 into each entry, as follows."]},{"cell_type":"markdown","id":"d07325b8","metadata":{"id":"d07325b8"},"source":["### 2.1 Exercise 133: Matrices"]},{"cell_type":"code","execution_count":20,"id":"d4de78ac","metadata":{"colab":{"base_uri":"https://localhost:8080/"},"executionInfo":{"elapsed":10,"status":"ok","timestamp":1724266650743,"user":{"displayName":"Scott Bruce","userId":"12687994165436531917"},"user_tz":300},"id":"d4de78ac","outputId":"78171a73-438d-444f-d8c0-ab4179fd245f"},"outputs":[{"data":{"text/plain":["<bound method RandomState.rand of RandomState(MT19937) at 0x19730326A40>"]},"execution_count":20,"metadata":{},"output_type":"execute_result"},{"data":{"text/plain":["array([[0.30087333, 0.18694582, 0.32318268, 0.66574957, 0.5669708 ],\n","       [0.39825396, 0.37941492, 0.01058154, 0.1703656 , 0.12339337],\n","       [0.69240128, 0.87444156, 0.3373969 , 0.99245923, 0.13154007],\n","       [0.50032984, 0.28662051, 0.22058485, 0.50208555, 0.63606254],\n","       [0.63567694, 0.08043309, 0.58143375, 0.83919086, 0.29301825]])"]},"execution_count":20,"metadata":{},"output_type":"execute_result"},{"data":{"text/plain":["array([[0., 0., 0., 0., 0.],\n","       [0., 0., 0., 0., 0.],\n","       [0., 0., 0., 0., 0.],\n","       [0., 0., 0., 0., 0.],\n","       [0., 0., 0., 0., 0.]])"]},"execution_count":20,"metadata":{},"output_type":"execute_result"}],"source":["np.random.seed(seed=60)\n","np.random.rand\n","random_square = np.random.rand(5,5)\n","random_square\n","\n","\n","zero_square = np.zeros((5,5))\n","zero_square"]},{"cell_type":"code","execution_count":21,"id":"8e310981","metadata":{"colab":{"base_uri":"https://localhost:8080/"},"executionInfo":{"elapsed":8,"status":"ok","timestamp":1724266650743,"user":{"displayName":"Scott Bruce","userId":"12687994165436531917"},"user_tz":300},"id":"8e310981","outputId":"56540297-cf77-4301-a6f3-613e85b4fcd6"},"outputs":[{"data":{"text/plain":["array([[0., 0., 0., 0., 0.],\n","       [0., 0., 0., 0., 0.],\n","       [0., 0., 0., 0., 0.],\n","       [0., 0., 0., 0., 0.],\n","       [0., 0., 0., 0., 0.]])"]},"execution_count":21,"metadata":{},"output_type":"execute_result"}],"source":["x=np.empty((5,5))\n","x"]},{"cell_type":"markdown","id":"935fb9ec","metadata":{"id":"935fb9ec"},"source":["**Note** The `np.random.seed()` ensures that the same collection of random numbers are drawn every time, which is important for reproducibility.  You can set your own seed."]},{"cell_type":"code","execution_count":22,"id":"80734725","metadata":{"colab":{"base_uri":"https://localhost:8080/"},"executionInfo":{"elapsed":7,"status":"ok","timestamp":1724266650743,"user":{"displayName":"Scott Bruce","userId":"12687994165436531917"},"user_tz":300},"id":"80734725","outputId":"40e7c191-3735-4553-872c-2188cc68ca22"},"outputs":[{"data":{"text/plain":["array([[0.98792976, 0.54719104, 0.95938589, 0.35628708, 0.51722779],\n","       [0.9880134 , 0.20425203, 0.97605287, 0.03992927, 0.01932668],\n","       [0.19401719, 0.01158554, 0.44687269, 0.65193731, 0.71131638],\n","       [0.25500845, 0.76391853, 0.9665803 , 0.53475831, 0.43086792],\n","       [0.49989585, 0.76616026, 0.32433834, 0.1636726 , 0.61835101]])"]},"execution_count":22,"metadata":{},"output_type":"execute_result"},{"data":{"text/plain":["array([[0.63983636, 0.78571794, 0.92774425, 0.83809046, 0.9628113 ],\n","       [0.55285888, 0.02937153, 0.14328132, 0.47193255, 0.68210871],\n","       [0.68834289, 0.72607081, 0.98941285, 0.39267928, 0.51336459],\n","       [0.92091723, 0.38656119, 0.44692699, 0.44778805, 0.26328203],\n","       [0.92882461, 0.51603348, 0.66412827, 0.83228683, 0.0034176 ]])"]},"execution_count":22,"metadata":{},"output_type":"execute_result"}],"source":["random_square = np.random.rand(5,5)\n","random_square\n","random_square = np.random.rand(5,5)\n","random_square"]},{"cell_type":"code","execution_count":23,"id":"11fea606","metadata":{"colab":{"base_uri":"https://localhost:8080/"},"executionInfo":{"elapsed":8,"status":"ok","timestamp":1724266650745,"user":{"displayName":"Scott Bruce","userId":"12687994165436531917"},"user_tz":300},"id":"11fea606","outputId":"648eab5a-9899-40bd-c871-8f36456299b5"},"outputs":[{"data":{"text/plain":["array([[0.30087333, 0.18694582, 0.32318268, 0.66574957, 0.5669708 ],\n","       [0.39825396, 0.37941492, 0.01058154, 0.1703656 , 0.12339337],\n","       [0.69240128, 0.87444156, 0.3373969 , 0.99245923, 0.13154007],\n","       [0.50032984, 0.28662051, 0.22058485, 0.50208555, 0.63606254],\n","       [0.63567694, 0.08043309, 0.58143375, 0.83919086, 0.29301825]])"]},"execution_count":23,"metadata":{},"output_type":"execute_result"},{"data":{"text/plain":["array([[0.30087333, 0.18694582, 0.32318268, 0.66574957, 0.5669708 ],\n","       [0.39825396, 0.37941492, 0.01058154, 0.1703656 , 0.12339337],\n","       [0.69240128, 0.87444156, 0.3373969 , 0.99245923, 0.13154007],\n","       [0.50032984, 0.28662051, 0.22058485, 0.50208555, 0.63606254],\n","       [0.63567694, 0.08043309, 0.58143375, 0.83919086, 0.29301825]])"]},"execution_count":23,"metadata":{},"output_type":"execute_result"}],"source":["np.random.seed(seed=60)\n","random_square = np.random.rand(5,5)\n","random_square\n","np.random.seed(seed=60)\n","random_square = np.random.rand(5,5)\n","random_square"]},{"cell_type":"code","execution_count":24,"id":"77f73336","metadata":{"colab":{"base_uri":"https://localhost:8080/"},"executionInfo":{"elapsed":290,"status":"ok","timestamp":1724266651029,"user":{"displayName":"Scott Bruce","userId":"12687994165436531917"},"user_tz":300},"id":"77f73336","outputId":"4797099e-f31b-4b95-d177-30bd7cad2783"},"outputs":[{"data":{"text/plain":["array([0.30087333, 0.18694582, 0.32318268, 0.66574957, 0.5669708 ])"]},"execution_count":24,"metadata":{},"output_type":"execute_result"},{"data":{"text/plain":["array([0.30087333, 0.18694582, 0.32318268, 0.66574957, 0.5669708 ])"]},"execution_count":24,"metadata":{},"output_type":"execute_result"},{"data":{"text/plain":["array([0.30087333, 0.39825396, 0.69240128, 0.50032984, 0.63567694])"]},"execution_count":24,"metadata":{},"output_type":"execute_result"},{"data":{"text/plain":["np.float64(0.30087333004661876)"]},"execution_count":24,"metadata":{},"output_type":"execute_result"},{"data":{"text/plain":["np.float64(0.30087333004661876)"]},"execution_count":24,"metadata":{},"output_type":"execute_result"},{"data":{"text/plain":["np.float64(0.9924592256795676)"]},"execution_count":24,"metadata":{},"output_type":"execute_result"},{"data":{"text/plain":["array([[0.30087333, 0.18694582, 0.32318268, 0.66574957, 0.5669708 ],\n","       [0.39825396, 0.37941492, 0.01058154, 0.1703656 , 0.12339337]])"]},"execution_count":24,"metadata":{},"output_type":"execute_result"},{"data":{"text/plain":["array([[0.66574957, 0.5669708 ],\n","       [0.1703656 , 0.12339337],\n","       [0.99245923, 0.13154007],\n","       [0.50208555, 0.63606254],\n","       [0.83919086, 0.29301825]])"]},"execution_count":24,"metadata":{},"output_type":"execute_result"},{"data":{"text/plain":["array([[0.30087333, 0.18694582, 0.32318268, 0.66574957, 0.5669708 ],\n","       [0.50032984, 0.28662051, 0.22058485, 0.50208555, 0.63606254],\n","       [0.63567694, 0.08043309, 0.58143375, 0.83919086, 0.29301825]])"]},"execution_count":24,"metadata":{},"output_type":"execute_result"}],"source":["#Indexing, slicing, and accessing\n","\n","#First row\n","random_square[0]\n","random_square[0,:]\n","\n","#First column\n","random_square[:,0]\n","\n","#First entry\n","random_square[0,0]\n","random_square[0][0]\n","\n","#Third row, fourth column\n","random_square[2,3]\n","\n","#Multiple rows and columns\n","random_square[0:2,:]\n","random_square[:,3:5]\n","random_square[[0,3,4],:]"]},{"cell_type":"code","execution_count":25,"id":"4b1b382d","metadata":{"colab":{"base_uri":"https://localhost:8080/"},"executionInfo":{"elapsed":5,"status":"ok","timestamp":1724266651029,"user":{"displayName":"Scott Bruce","userId":"12687994165436531917"},"user_tz":300},"id":"4b1b382d","outputId":"76d769ea-adf9-4020-de16-49b2478e26a0"},"outputs":[{"data":{"text/plain":["np.float64(0.42917627159618377)"]},"execution_count":25,"metadata":{},"output_type":"execute_result"},{"data":{"text/plain":["np.float64(0.4087444389228477)"]},"execution_count":25,"metadata":{},"output_type":"execute_result"},{"data":{"text/plain":["np.float64(0.35019700684996913)"]},"execution_count":25,"metadata":{},"output_type":"execute_result"}],"source":["#Matrix mean\n","random_square.mean()\n","\n","#First row mean\n","random_square[0].mean()\n","\n","#Last column mean\n","random_square[:,-1].mean()"]},{"cell_type":"markdown","id":"8501d0bb","metadata":{"id":"8501d0bb"},"source":["### 2.2 Computation time for large matrices\n","\n","Now that you have gotten a hang of creating random matrices, you can see how long it takes to generate a large matrix and compute the mean:"]},{"cell_type":"code","execution_count":26,"id":"66e767f1","metadata":{"colab":{"base_uri":"https://localhost:8080/"},"executionInfo":{"elapsed":3,"status":"ok","timestamp":1724266651029,"user":{"displayName":"Scott Bruce","userId":"12687994165436531917"},"user_tz":300},"id":"66e767f1","outputId":"b5fe26c3-18a9-4584-cb85-3b399d0a215f"},"outputs":[{"name":"stdout","output_type":"stream","text":["CPU times: total: 78.1 ms\n","Wall time: 160 ms\n"]}],"source":["%%time\n","np.random.seed(seed=60)\n","big_matrix = np.random.rand(100000, 100)"]},{"cell_type":"code","execution_count":27,"id":"0126284f","metadata":{"colab":{"base_uri":"https://localhost:8080/"},"executionInfo":{"elapsed":185,"status":"ok","timestamp":1724266651212,"user":{"displayName":"Scott Bruce","userId":"12687994165436531917"},"user_tz":300},"id":"0126284f","outputId":"1cc346af-fa4c-44f6-9bef-1c0e4ecacb6f"},"outputs":[{"name":"stdout","output_type":"stream","text":["CPU times: total: 109 ms\n","Wall time: 192 ms\n"]},{"data":{"text/plain":["np.float64(0.5001528493018508)"]},"execution_count":27,"metadata":{},"output_type":"execute_result"}],"source":["%%time\n","np.random.seed(seed=60)\n","big_matrix = np.random.rand(100000, 100)\n","big_matrix.mean()"]},{"cell_type":"markdown","id":"68d33715","metadata":{"id":"68d33715"},"source":["In the next exercise, you will create arrays using NumPy and compute various values through them. One such computation you will be using is `ndarray.numpy.ndarray` is a (usually fixed-size) multidimensional array container of items of the same type and size."]},{"cell_type":"markdown","id":"9b6d00b0","metadata":{"id":"9b6d00b0"},"source":["### 2.3 Exercise 134: Creating an array to implement NumPy computations"]},{"cell_type":"code","execution_count":28,"id":"f878c6b0","metadata":{"colab":{"base_uri":"https://localhost:8080/"},"executionInfo":{"elapsed":7,"status":"ok","timestamp":1724266651212,"user":{"displayName":"Scott Bruce","userId":"12687994165436531917"},"user_tz":300},"id":"f878c6b0","outputId":"d8583c9d-6ac9-458b-b0fe-536c0a6a6d1e"},"outputs":[{"data":{"text/plain":["array([ 1,  3,  5,  7,  9, 11, 13, 15, 17, 19, 21, 23, 25, 27, 29, 31, 33,\n","       35, 37, 39, 41, 43, 45, 47, 49, 51, 53, 55, 57, 59, 61, 63, 65, 67,\n","       69, 71, 73, 75, 77, 79, 81, 83, 85, 87, 89, 91, 93, 95, 97, 99])"]},"execution_count":28,"metadata":{},"output_type":"execute_result"}],"source":["# np.arange returns evenly spaced values\n","# within a given interval.\n","\n","np.arange(1,101,2)"]},{"cell_type":"code","execution_count":29,"id":"3fe5d3f4","metadata":{"colab":{"base_uri":"https://localhost:8080/"},"executionInfo":{"elapsed":5,"status":"ok","timestamp":1724266651212,"user":{"displayName":"Scott Bruce","userId":"12687994165436531917"},"user_tz":300},"id":"3fe5d3f4","outputId":"5fe3cb2c-5a0f-4209-bd1a-793bb9c5ae23"},"outputs":[{"data":{"text/plain":["array([[  1,   2,   3,   4,   5],\n","       [  6,   7,   8,   9,  10],\n","       [ 11,  12,  13,  14,  15],\n","       [ 16,  17,  18,  19,  20],\n","       [ 21,  22,  23,  24,  25],\n","       [ 26,  27,  28,  29,  30],\n","       [ 31,  32,  33,  34,  35],\n","       [ 36,  37,  38,  39,  40],\n","       [ 41,  42,  43,  44,  45],\n","       [ 46,  47,  48,  49,  50],\n","       [ 51,  52,  53,  54,  55],\n","       [ 56,  57,  58,  59,  60],\n","       [ 61,  62,  63,  64,  65],\n","       [ 66,  67,  68,  69,  70],\n","       [ 71,  72,  73,  74,  75],\n","       [ 76,  77,  78,  79,  80],\n","       [ 81,  82,  83,  84,  85],\n","       [ 86,  87,  88,  89,  90],\n","       [ 91,  92,  93,  94,  95],\n","       [ 96,  97,  98,  99, 100]])"]},"execution_count":29,"metadata":{},"output_type":"execute_result"}],"source":["#reshape to 20 rows and 5 cols\n","np.arange(1, 101).reshape(20,5)"]},{"cell_type":"markdown","id":"bdb3004a","metadata":{"id":"bdb3004a"},"source":["**Note** `.reshape` fills the new matrix by rows (not by columns)"]},{"cell_type":"code","execution_count":30,"id":"7b5200d6","metadata":{"colab":{"base_uri":"https://localhost:8080/"},"executionInfo":{"elapsed":214,"status":"ok","timestamp":1724266651422,"user":{"displayName":"Scott Bruce","userId":"12687994165436531917"},"user_tz":300},"id":"7b5200d6","outputId":"92a48601-b40f-476d-ab02-ef36a4b5bd84"},"outputs":[{"data":{"text/plain":["array([[-49, -48, -47, -46, -45],\n","       [-44, -43, -42, -41, -40],\n","       [-39, -38, -37, -36, -35],\n","       [-34, -33, -32, -31, -30],\n","       [-29, -28, -27, -26, -25],\n","       [-24, -23, -22, -21, -20],\n","       [-19, -18, -17, -16, -15],\n","       [-14, -13, -12, -11, -10],\n","       [ -9,  -8,  -7,  -6,  -5],\n","       [ -4,  -3,  -2,  -1,   0],\n","       [  1,   2,   3,   4,   5],\n","       [  6,   7,   8,   9,  10],\n","       [ 11,  12,  13,  14,  15],\n","       [ 16,  17,  18,  19,  20],\n","       [ 21,  22,  23,  24,  25],\n","       [ 26,  27,  28,  29,  30],\n","       [ 31,  32,  33,  34,  35],\n","       [ 36,  37,  38,  39,  40],\n","       [ 41,  42,  43,  44,  45],\n","       [ 46,  47,  48,  49,  50]])"]},"execution_count":30,"metadata":{},"output_type":"execute_result"},{"data":{"text/plain":["array([[  10,   20,   30,   40,   50],\n","       [  60,   70,   80,   90,  100],\n","       [ 110,  120,  130,  140,  150],\n","       [ 160,  170,  180,  190,  200],\n","       [ 210,  220,  230,  240,  250],\n","       [ 260,  270,  280,  290,  300],\n","       [ 310,  320,  330,  340,  350],\n","       [ 360,  370,  380,  390,  400],\n","       [ 410,  420,  430,  440,  450],\n","       [ 460,  470,  480,  490,  500],\n","       [ 510,  520,  530,  540,  550],\n","       [ 560,  570,  580,  590,  600],\n","       [ 610,  620,  630,  640,  650],\n","       [ 660,  670,  680,  690,  700],\n","       [ 710,  720,  730,  740,  750],\n","       [ 760,  770,  780,  790,  800],\n","       [ 810,  820,  830,  840,  850],\n","       [ 860,  870,  880,  890,  900],\n","       [ 910,  920,  930,  940,  950],\n","       [ 960,  970,  980,  990, 1000]])"]},"execution_count":30,"metadata":{},"output_type":"execute_result"},{"data":{"text/plain":["array([[  2,   4,   6,   8,  10],\n","       [ 12,  14,  16,  18,  20],\n","       [ 22,  24,  26,  28,  30],\n","       [ 32,  34,  36,  38,  40],\n","       [ 42,  44,  46,  48,  50],\n","       [ 52,  54,  56,  58,  60],\n","       [ 62,  64,  66,  68,  70],\n","       [ 72,  74,  76,  78,  80],\n","       [ 82,  84,  86,  88,  90],\n","       [ 92,  94,  96,  98, 100],\n","       [102, 104, 106, 108, 110],\n","       [112, 114, 116, 118, 120],\n","       [122, 124, 126, 128, 130],\n","       [132, 134, 136, 138, 140],\n","       [142, 144, 146, 148, 150],\n","       [152, 154, 156, 158, 160],\n","       [162, 164, 166, 168, 170],\n","       [172, 174, 176, 178, 180],\n","       [182, 184, 186, 188, 190],\n","       [192, 194, 196, 198, 200]])"]},"execution_count":30,"metadata":{},"output_type":"execute_result"},{"data":{"text/plain":["array([[    1,     4,     9,    16,    25],\n","       [   36,    49,    64,    81,   100],\n","       [  121,   144,   169,   196,   225],\n","       [  256,   289,   324,   361,   400],\n","       [  441,   484,   529,   576,   625],\n","       [  676,   729,   784,   841,   900],\n","       [  961,  1024,  1089,  1156,  1225],\n","       [ 1296,  1369,  1444,  1521,  1600],\n","       [ 1681,  1764,  1849,  1936,  2025],\n","       [ 2116,  2209,  2304,  2401,  2500],\n","       [ 2601,  2704,  2809,  2916,  3025],\n","       [ 3136,  3249,  3364,  3481,  3600],\n","       [ 3721,  3844,  3969,  4096,  4225],\n","       [ 4356,  4489,  4624,  4761,  4900],\n","       [ 5041,  5184,  5329,  5476,  5625],\n","       [ 5776,  5929,  6084,  6241,  6400],\n","       [ 6561,  6724,  6889,  7056,  7225],\n","       [ 7396,  7569,  7744,  7921,  8100],\n","       [ 8281,  8464,  8649,  8836,  9025],\n","       [ 9216,  9409,  9604,  9801, 10000]])"]},"execution_count":30,"metadata":{},"output_type":"execute_result"},{"data":{"text/plain":["array([[   55,   130,   205,   280,   355,   430,   505,   580,   655,\n","          730,   805,   880,   955,  1030,  1105,  1180,  1255,  1330,\n","         1405,  1480],\n","       [  130,   330,   530,   730,   930,  1130,  1330,  1530,  1730,\n","         1930,  2130,  2330,  2530,  2730,  2930,  3130,  3330,  3530,\n","         3730,  3930],\n","       [  205,   530,   855,  1180,  1505,  1830,  2155,  2480,  2805,\n","         3130,  3455,  3780,  4105,  4430,  4755,  5080,  5405,  5730,\n","         6055,  6380],\n","       [  280,   730,  1180,  1630,  2080,  2530,  2980,  3430,  3880,\n","         4330,  4780,  5230,  5680,  6130,  6580,  7030,  7480,  7930,\n","         8380,  8830],\n","       [  355,   930,  1505,  2080,  2655,  3230,  3805,  4380,  4955,\n","         5530,  6105,  6680,  7255,  7830,  8405,  8980,  9555, 10130,\n","        10705, 11280],\n","       [  430,  1130,  1830,  2530,  3230,  3930,  4630,  5330,  6030,\n","         6730,  7430,  8130,  8830,  9530, 10230, 10930, 11630, 12330,\n","        13030, 13730],\n","       [  505,  1330,  2155,  2980,  3805,  4630,  5455,  6280,  7105,\n","         7930,  8755,  9580, 10405, 11230, 12055, 12880, 13705, 14530,\n","        15355, 16180],\n","       [  580,  1530,  2480,  3430,  4380,  5330,  6280,  7230,  8180,\n","         9130, 10080, 11030, 11980, 12930, 13880, 14830, 15780, 16730,\n","        17680, 18630],\n","       [  655,  1730,  2805,  3880,  4955,  6030,  7105,  8180,  9255,\n","        10330, 11405, 12480, 13555, 14630, 15705, 16780, 17855, 18930,\n","        20005, 21080],\n","       [  730,  1930,  3130,  4330,  5530,  6730,  7930,  9130, 10330,\n","        11530, 12730, 13930, 15130, 16330, 17530, 18730, 19930, 21130,\n","        22330, 23530],\n","       [  805,  2130,  3455,  4780,  6105,  7430,  8755, 10080, 11405,\n","        12730, 14055, 15380, 16705, 18030, 19355, 20680, 22005, 23330,\n","        24655, 25980],\n","       [  880,  2330,  3780,  5230,  6680,  8130,  9580, 11030, 12480,\n","        13930, 15380, 16830, 18280, 19730, 21180, 22630, 24080, 25530,\n","        26980, 28430],\n","       [  955,  2530,  4105,  5680,  7255,  8830, 10405, 11980, 13555,\n","        15130, 16705, 18280, 19855, 21430, 23005, 24580, 26155, 27730,\n","        29305, 30880],\n","       [ 1030,  2730,  4430,  6130,  7830,  9530, 11230, 12930, 14630,\n","        16330, 18030, 19730, 21430, 23130, 24830, 26530, 28230, 29930,\n","        31630, 33330],\n","       [ 1105,  2930,  4755,  6580,  8405, 10230, 12055, 13880, 15705,\n","        17530, 19355, 21180, 23005, 24830, 26655, 28480, 30305, 32130,\n","        33955, 35780],\n","       [ 1180,  3130,  5080,  7030,  8980, 10930, 12880, 14830, 16780,\n","        18730, 20680, 22630, 24580, 26530, 28480, 30430, 32380, 34330,\n","        36280, 38230],\n","       [ 1255,  3330,  5405,  7480,  9555, 11630, 13705, 15780, 17855,\n","        19930, 22005, 24080, 26155, 28230, 30305, 32380, 34455, 36530,\n","        38605, 40680],\n","       [ 1330,  3530,  5730,  7930, 10130, 12330, 14530, 16730, 18930,\n","        21130, 23330, 25530, 27730, 29930, 32130, 34330, 36530, 38730,\n","        40930, 43130],\n","       [ 1405,  3730,  6055,  8380, 10705, 13030, 15355, 17680, 20005,\n","        22330, 24655, 26980, 29305, 31630, 33955, 36280, 38605, 40930,\n","        43255, 45580],\n","       [ 1480,  3930,  6380,  8830, 11280, 13730, 16180, 18630, 21080,\n","        23530, 25980, 28430, 30880, 33330, 35780, 38230, 40680, 43130,\n","        45580, 48030]])"]},"execution_count":30,"metadata":{},"output_type":"execute_result"},{"data":{"text/plain":["array([[   55,   130,   205,   280,   355,   430,   505,   580,   655,\n","          730,   805,   880,   955,  1030,  1105,  1180,  1255,  1330,\n","         1405,  1480],\n","       [  130,   330,   530,   730,   930,  1130,  1330,  1530,  1730,\n","         1930,  2130,  2330,  2530,  2730,  2930,  3130,  3330,  3530,\n","         3730,  3930],\n","       [  205,   530,   855,  1180,  1505,  1830,  2155,  2480,  2805,\n","         3130,  3455,  3780,  4105,  4430,  4755,  5080,  5405,  5730,\n","         6055,  6380],\n","       [  280,   730,  1180,  1630,  2080,  2530,  2980,  3430,  3880,\n","         4330,  4780,  5230,  5680,  6130,  6580,  7030,  7480,  7930,\n","         8380,  8830],\n","       [  355,   930,  1505,  2080,  2655,  3230,  3805,  4380,  4955,\n","         5530,  6105,  6680,  7255,  7830,  8405,  8980,  9555, 10130,\n","        10705, 11280],\n","       [  430,  1130,  1830,  2530,  3230,  3930,  4630,  5330,  6030,\n","         6730,  7430,  8130,  8830,  9530, 10230, 10930, 11630, 12330,\n","        13030, 13730],\n","       [  505,  1330,  2155,  2980,  3805,  4630,  5455,  6280,  7105,\n","         7930,  8755,  9580, 10405, 11230, 12055, 12880, 13705, 14530,\n","        15355, 16180],\n","       [  580,  1530,  2480,  3430,  4380,  5330,  6280,  7230,  8180,\n","         9130, 10080, 11030, 11980, 12930, 13880, 14830, 15780, 16730,\n","        17680, 18630],\n","       [  655,  1730,  2805,  3880,  4955,  6030,  7105,  8180,  9255,\n","        10330, 11405, 12480, 13555, 14630, 15705, 16780, 17855, 18930,\n","        20005, 21080],\n","       [  730,  1930,  3130,  4330,  5530,  6730,  7930,  9130, 10330,\n","        11530, 12730, 13930, 15130, 16330, 17530, 18730, 19930, 21130,\n","        22330, 23530],\n","       [  805,  2130,  3455,  4780,  6105,  7430,  8755, 10080, 11405,\n","        12730, 14055, 15380, 16705, 18030, 19355, 20680, 22005, 23330,\n","        24655, 25980],\n","       [  880,  2330,  3780,  5230,  6680,  8130,  9580, 11030, 12480,\n","        13930, 15380, 16830, 18280, 19730, 21180, 22630, 24080, 25530,\n","        26980, 28430],\n","       [  955,  2530,  4105,  5680,  7255,  8830, 10405, 11980, 13555,\n","        15130, 16705, 18280, 19855, 21430, 23005, 24580, 26155, 27730,\n","        29305, 30880],\n","       [ 1030,  2730,  4430,  6130,  7830,  9530, 11230, 12930, 14630,\n","        16330, 18030, 19730, 21430, 23130, 24830, 26530, 28230, 29930,\n","        31630, 33330],\n","       [ 1105,  2930,  4755,  6580,  8405, 10230, 12055, 13880, 15705,\n","        17530, 19355, 21180, 23005, 24830, 26655, 28480, 30305, 32130,\n","        33955, 35780],\n","       [ 1180,  3130,  5080,  7030,  8980, 10930, 12880, 14830, 16780,\n","        18730, 20680, 22630, 24580, 26530, 28480, 30430, 32380, 34330,\n","        36280, 38230],\n","       [ 1255,  3330,  5405,  7480,  9555, 11630, 13705, 15780, 17855,\n","        19930, 22005, 24080, 26155, 28230, 30305, 32380, 34455, 36530,\n","        38605, 40680],\n","       [ 1330,  3530,  5730,  7930, 10130, 12330, 14530, 16730, 18930,\n","        21130, 23330, 25530, 27730, 29930, 32130, 34330, 36530, 38730,\n","        40930, 43130],\n","       [ 1405,  3730,  6055,  8380, 10705, 13030, 15355, 17680, 20005,\n","        22330, 24655, 26980, 29305, 31630, 33955, 36280, 38605, 40930,\n","        43255, 45580],\n","       [ 1480,  3930,  6380,  8830, 11280, 13730, 16180, 18630, 21080,\n"," 